=============
0 1
1 2
0 2
1 3
3 2
1 2
0 2
2 4
0 4
5 6
5 4
4 6
5 6
7 8
8 9
7 9
0 10
10 11
0 11
4 6
6 12
4 12
0 10
10 12
0 12
6 12
0 4
4 12
0 12
0 1
1 13
0 13
1 3
3 13
1 13
0 11
11 13
0 13
14 15
15 13
14 13
10 16
16 17
10 17
16 17
17 18
16 18
19 16
16 18
19 18
20 21
21 22
20 22
21 22
22 23
21 23
2 4
4 24
2 24
5 4
4 24
5 24
5 3
3 24
5 24
3 2
2 24
3 24
25 26
5 27
3 13
13 27
3 27
14 13
13 27
14 27
5 3
3 27
5 27
20 21
21 28
20 28
17 18
18 28
17 28
23 28
21 23
23 28
21 28
15 9
9 29
15 29
9 30
30 29
9 29
15 13
13 29
15 29
10 12
12 31
10 31
10 16
16 31
10 31
12 31
22 23
23 32
22 32
20 22
22 32
20 32
15 9
9 33
15 33
7 33
7 9
9 33
7 33
14 27
27 33
14 33
27 33
14 15
15 33
14 33
23 32
32 34
23 34
23 34
25 34
20 32
32 35
20 35
17 28
28 35
17 35
10 11
11 35
10 35
20 28
28 35
20 35
10 17
17 35
10 35
25 34
34 36
25 36
32 34
34 36
32 36
7 36
26 36
8 32
32 36
8 36
7 8
8 36
7 36
25 26
26 36
25 36
32 35
35 37
32 37
11 35
35 37
11 37
9 30
30 37
9 37
8 9
9 37
8 37
8 32
32 37
8 37
30 29
29 38
30 38
13 29
29 38
13 38
11 37
37 38
11 38
30 37
37 38
30 38
11 13
13 38
11 38
18 28
28 39
18 39
16 31
31 39
16 39
31 39
28 39
19 18
18 39
19 39
19 16
16 39
19 39
=============
1000 71674
2000 74399
3000 76891
4000 79273
5000 81523
6000 83634
7000 85632
8000 87567
9000 89309
10000 90942
11000 92530
12000 94116
13000 95521
14000 96903
15000 98234
16000 99459
17000 100707
18000 101898
19000 102999
20000 104149
21000 105186
22000 106260
23000 107224
24000 108105
25000 109004
26000 109835
27000 110663
28000 111487
29000 112216
30000 112928
31000 113644
32000 114315
33000 114988
34000 115710
35000 116285
36000 116796
37000 117339
38000 117876
39000 118362
40000 118869
41000 119359
42000 119781
43000 120183
44000 120617
45000 121068
46000 121441
47000 121840
48000 122158
49000 122479
50000 122843
51000 123210
52000 123497
53000 123775
54000 124089
55000 124401
56000 124612
57000 124892
58000 125204
59000 125456
60000 125644
61000 125813
62000 125999
63000 126161
64000 126277
65000 126427
66000 126564
67000 126740
68000 126866
69000 127000
70000 127147
71000 127296
72000 127464
73000 127552
74000 127674
75000 127761
76000 127849
77000 127896
78000 127948
79000 128010
80000 128049
81000 128140
82000 128246
83000 128241
84000 128249
85000 128280
86000 128299
87000 128319
88000 128404
89000 128335
90000 128410
91000 128443
92000 128430
93000 128422
94000 128511
95000 128492
96000 128509
97000 128503
98000 128504
99000 128475
100000 128382
101000 128432
102000 128390
103000 128403
104000 128358
105000 128379
106000 128299
107000 128270
108000 128249
109000 128248
110000 128189
111000 128110
112000 128082
113000 128047
114000 127986
115000 127916
116000 127843
117000 127749
118000 127691
119000 127639
120000 127573
121000 127552
122000 127461
123000 127390
124000 127298
125000 127214
126000 127059
127000 126945
128000 126874
129000 126836
130000 126706
131000 126680
132000 126590
133000 126576
134000 126461
135000 126321
136000 126220
137000 126110
138000 126001
139000 125897
140000 125845
141000 125781
142000 125680
143000 125583
144000 125485
145000 125368
146000 125378
147000 125287
148000 125171
149000 125035
150000 124929
151000 124851
152000 124748
153000 124635
154000 124509
155000 124403
156000 124275
157000 124141
158000 124011
159000 123931
160000 123801
161000 123716
162000 123528
163000 123347
164000 123181
165000 123047
166000 122906
167000 122760
168000 122607
169000 122427
170000 122274
171000 122129
172000 121981
173000 121844
174000 121710
175000 121567
176000 121407
177000 121275
178000 121152
179000 120951
180000 120761
181000 120631
182000 120484
183000 120310
184000 120190
185000 120007
186000 119810
187000 119627
188000 119483
189000 119318
190000 119156
191000 118953
192000 118834
193000 118698
194000 118572
195000 118375
196000 118171
197000 118005
198000 117899
199000 117734
200000 117545
201000 117346
202000 117191
203000 117011
204000 116778
205000 116528
206000 116344
207000 116179
208000 116005
209000 115850
210000 115703
211000 115583
212000 115427
213000 115260
214000 115103
215000 114910
216000 114704
217000 114495
218000 114310
219000 114100
220000 113871
221000 113656
222000 113495
223000 113275
224000 113070
225000 112892
226000 112725
227000 112521
228000 112358
229000 112170
230000 111951
231000 111772
232000 111629
233000 111447
234000 111251
235000 111047
236000 110836
237000 110588
238000 110422
239000 110252
240000 110077
241000 109925
242000 109623
243000 109370
244000 109089
245000 108907
246000 108684
247000 108561
248000 108338
249000 108171
250000 107913
251000 107702
252000 107449
253000 107230
254000 107025
255000 106836
256000 106581
257000 106364
258000 106135
259000 105949
260000 105738
261000 105538
262000 105302
263000 105047
264000 104790
265000 104593
266000 104358
267000 104096
268000 103831
269000 103555
270000 103374
271000 103083
272000 102852
273000 102563
274000 102311
275000 101981
276000 101741
277000 101492
278000 101201
279000 100946
280000 100714
281000 100425
282000 100151
283000 99884
284000 99595
285000 99344
286000 99140
287000 98893
288000 98670
289000 98392
290000 98120
291000 97925
292000 97662
293000 97406
294000 97153
295000 96899
296000 96613
297000 96355
298000 96113
299000 95934
300000 95708
301000 95448
302000 95185
303000 94921
304000 94666
305000 94375
306000 94134
307000 93901
308000 93625
309000 93383
310000 93140
311000 92884
312000 92568
313000 92353
314000 92178
315000 91834
316000 91550
317000 91310
318000 91063
319000 90812
320000 90587
321000 90315
322000 90052
323000 89772
324000 89518
325000 89244
326000 88986
327000 88722
328000 88494
329000 88241
330000 87997
331000 87739
332000 87552
333000 87317
334000 87132
335000 86859
336000 86616
337000 86397
338000 86173
339000 85869
340000 85603
341000 85386
342000 85160
343000 84915
344000 84699
345000 84490
346000 84230
347000 83995
348000 83809
349000 83552
350000 83278
351000 83058
352000 82849
353000 82656
354000 82339
355000 82136
356000 81924
357000 81648
358000 81386
359000 81131
360000 80928
361000 80688
362000 80520
363000 80211
364000 80003
365000 79792
366000 79556
367000 79346
368000 79152
369000 78946
370000 78699
371000 78485
372000 78300
373000 78090
374000 77815
375000 77606
376000 77415
377000 77214
378000 77001
379000 76757
380000 76535
381000 76300
382000 76114
383000 75887
384000 75569
385000 75320
386000 75036
387000 74804
388000 74552
389000 74327
390000 74084
391000 73861
392000 73649
393000 73507
394000 73257
395000 73000
396000 72828
397000 72582
398000 72291
399000 72025
400000 71812
401000 71607
402000 71332
403000 71121
404000 70928
405000 70661
406000 70394
407000 70148
408000 69872
409000 69678
410000 69463
411000 69240
412000 68985
413000 68754
414000 68545
415000 68354
416000 68075
417000 67885
418000 67612
419000 67322
420000 67050
421000 66832
422000 66646
423000 66435
424000 66223
425000 66050
426000 65809
427000 65533
428000 65318
429000 65072
430000 64889
431000 64633
432000 64351
433000 64126
434000 63933
435000 63744
436000 63507
437000 63323
438000 63155
439000 62946
440000 62801
441000 62581
442000 62315
443000 62133
444000 61969
445000 61717
446000 61499
447000 61277
448000 61029
449000 60858
450000 60658
451000 60433
452000 60188
453000 59952
454000 59756
455000 59505
456000 59277
457000 59061
458000 58882
459000 58657
460000 58486
461000 58277
462000 58130
463000 57931
464000 57711
465000 57527
466000 57331
467000 57170
468000 56997
469000 56801
470000 56661
471000 56379
472000 56224
473000 56084
474000 55942
475000 55777
476000 55613
477000 55372
478000 55157
479000 54954
480000 54744
481000 54525
482000 54354
483000 54132
484000 53950
485000 53754
486000 53584
487000 53391
488000 53193
489000 52965
490000 52790
491000 52615
492000 52436
493000 52222
494000 52063
495000 51852
496000 51760
497000 51534
498000 51368
499000 51263
500000 51080
501000 50894
502000 50769
503000 50550
504000 50367
505000 50222
506000 50066
507000 49903
508000 49672
509000 49495
510000 49365
511000 49245
512000 49071
513000 48847
514000 48686
515000 48493
516000 48317
517000 48179
518000 47979
519000 47761
520000 47612
521000 47402
522000 47260
523000 47146
524000 46986
525000 46817
526000 46658
527000 46526
528000 46358
529000 46209
530000 46070
531000 45908
532000 45689
533000 45513
534000 45360
535000 45167
536000 44972
537000 44794
538000 44580
539000 44484
540000 44331
541000 44176
542000 44081
543000 43939
544000 43795
545000 43631
546000 43528
547000 43372
548000 43313
549000 43184
550000 43043
551000 42911
552000 42673
553000 42514
554000 42442
555000 42300
556000 42173
557000 42001
558000 41883
559000 41751
560000 41587
561000 41469
562000 41369
563000 41262
564000 41156
565000 41086
566000 40987
567000 40846
568000 40682
569000 40607
570000 40433
571000 40334
572000 40216
573000 40076
574000 39957
575000 39812
576000 39687
577000 39610
578000 39479
579000 39295
580000 39192
581000 39029
582000 38856
583000 38824
584000 38734
585000 38633
586000 38537
587000 38418
588000 38310
589000 38147
590000 38038
591000 37992
592000 37922
593000 37734
594000 37634
595000 37484
596000 37424
597000 37310
598000 37148
599000 37047
600000 36916
601000 36853
602000 36729
603000 36605
604000 36483
605000 36419
606000 36305
607000 36155
608000 36065
609000 35954
610000 35837
611000 35717
612000 35610
613000 35502
614000 35407
615000 35307
616000 35219
617000 35080
618000 35002
619000 34921
620000 34884
621000 34810
622000 34683
623000 34557
624000 34517
625000 34379
626000 34291
627000 34195
628000 34090
629000 33994
630000 33912
631000 33858
632000 33730
633000 33582
634000 33462
635000 33323
636000 33238
637000 33208
638000 33168
639000 33090
640000 32994
641000 32847
642000 32763
643000 32706
644000 32627
645000 32518
646000 32380
647000 32324
648000 32229
649000 32139
650000 32063
651000 31939
652000 31980
653000 31865
654000 31751
655000 31600
656000 31488
657000 31362
658000 31277
659000 31186
660000 31113
661000 31057
662000 31104
663000 30981
664000 30889
665000 30867
666000 30788
667000 30746
668000 30631
669000 30525
670000 30432
671000 30287
672000 30230
673000 30160
674000 30034
675000 29937
676000 29959
677000 29910
678000 29845
679000 29771
680000 29646
681000 29543
682000 29534
683000 29426
684000 29425
685000 29371
686000 29266
687000 29121
688000 29077
689000 29028
690000 28921
691000 28863
692000 28856
693000 28793
694000 28767
695000 28689
696000 28671
697000 28538
698000 28453
699000 28364
700000 28268
701000 28200
702000 28153
703000 28042
704000 27945
705000 27829
706000 27759
707000 27696
708000 27664
709000 27666
710000 27585
711000 27506
712000 27434
713000 27371
714000 27253
715000 27235
716000 27196
717000 27092
718000 27031
719000 26953
720000 26895
721000 26858
722000 26740
723000 26674
724000 26622
725000 26557
726000 26474
727000 26385
728000 26348
729000 26273
730000 26162
731000 26138
732000 26060
733000 25987
734000 25899
735000 25848
736000 25805
737000 25754
738000 25670
739000 25552
740000 25473
741000 25455
742000 25341
743000 25254
744000 25151
745000 25129
746000 25032
747000 24960
748000 24906
749000 24786
750000 24694
751000 24665
752000 24610
753000 24572
754000 24541
755000 24544
756000 24548
757000 24510
758000 24442
759000 24366
760000 24314
761000 24267
762000 24269
763000 24193
764000 24135
765000 24099
766000 24117
767000 24076
768000 23971
769000 23923
770000 23881
771000 23828
772000 23806
773000 23744
774000 23750
775000 23591
776000 23463
777000 23452
778000 23454
779000 23445
780000 23450
781000 23410
782000 23344
783000 23313
784000 23278
785000 23196
786000 23182
787000 23078
788000 23091
789000 23075
790000 22975
791000 23006
792000 22963
793000 22919
794000 22896
795000 22818
796000 22720
797000 22685
798000 22598
799000 22578
800000 22593
801000 22555
802000 22519
803000 22485
804000 22442
805000 22293
806000 22287
807000 22277
808000 22215
809000 22202
810000 22114
811000 22047
812000 22005
813000 21982
814000 21940
815000 21862
816000 21840
817000 21801
818000 21708
819000 21687
820000 21657
821000 21656
822000 21601
823000 21607
824000 21595
825000 21493
826000 21418
827000 21413
828000 21369
829000 21281
830000 21241
831000 21220
832000 21210
833000 21038
834000 21029
835000 20899
836000 20803
837000 20740
838000 20679
839000 20644
840000 20547
841000 20497
842000 20452
843000 20385
844000 20309
845000 20271
846000 20138
847000 20086
848000 20018
849000 19955
850000 19898
851000 19849
852000 19796
853000 19750
854000 19689
855000 19624
856000 19582
857000 19483
858000 19418
859000 19366
860000 19324
861000 19273
862000 19264
863000 19210
864000 19251
865000 19215
866000 19176
867000 19081
868000 19017
869000 18968
870000 18893
871000 18891
872000 18863
873000 18796
874000 18677
875000 18594
876000 18467
877000 18431
878000 18431
879000 18364
880000 18291
881000 18282
882000 18175
883000 18107
884000 17921
885000 17825
886000 17831
887000 17815
888000 17777
889000 17737
890000 17656
891000 17583
892000 17502
893000 17458
894000 17435
895000 17408
896000 17369
897000 17274
898000 17260
899000 17137
900000 17069
901000 17014
902000 16934
903000 16932
904000 16922
905000 16883
906000 16908
907000 16875
908000 16886
909000 16896
910000 16859
911000 16832
912000 16764
913000 16760
914000 16732
915000 16684
916000 16723
917000 16671
918000 16659
919000 16632
920000 16602
921000 16616
922000 16641
923000 16673
924000 16583
925000 16561
926000 16588
927000 16543
928000 16467
929000 16451
930000 16408
931000 16419
932000 16383
933000 16314
934000 16275
935000 16240
936000 16197
937000 16178
938000 16126
939000 16139
940000 16132
941000 16098
942000 16156
943000 16123
944000 16088
945000 16025
946000 16095
947000 16133
948000 16106
949000 16108
950000 16106
951000 16113
952000 16174
953000 16187
954000 16174
955000 16135
956000 16085
957000 16016
958000 15999
959000 15972
960000 15990
961000 15898
962000 15827
963000 15891
964000 15898
965000 15876
966000 15772
967000 15807
968000 15775
969000 15811
970000 15755
971000 15697
972000 15650
973000 15643
974000 15603
975000 15557
976000 15551
977000 15501
978000 15468
979000 15461
980000 15428
981000 15438
982000 15387
983000 15385
984000 15350
985000 15382
986000 15399
987000 15389
988000 15406
989000 15343
990000 15357
991000 15330
992000 15328
993000 15251
994000 15299
995000 15295
996000 15228
997000 15184
998000 15259
999000 15194
1000000 15177
1001000 15223
1002000 15209
1003000 15201
1004000 15193
1005000 15203
1006000 15273
1007000 15270
1008000 15193
1009000 15150
1010000 15092
1011000 15039
1012000 15008
1013000 15000
1014000 14959
1015000 14951
1016000 15003
1017000 15022
1018000 15018
1019000 14996
1020000 15029
1021000 14998
1022000 14959
1023000 14970
1024000 15021
1025000 15028
1026000 15004
1027000 15039
1028000 15071
1029000 15069
1030000 15144
1031000 15112
1032000 15050
1033000 15097
1034000 15023
1035000 15066
1036000 15052
1037000 15067
1038000 15043
1039000 15022
1040000 15055
1041000 15034
1042000 14969
1043000 14992
1044000 14996
1045000 14954
1046000 14952
1047000 14979
1048000 14968
1049000 14996
1050000 15021
1051000 14893
1052000 14838
1053000 14809
1054000 14719
1055000 14654
1056000 14633
1057000 14635
1058000 14554
1059000 14537
1060000 14486
1061000 14424
1062000 14373
1063000 14356
1064000 14351
1065000 14332
1066000 14306
1067000 14277
1068000 14249
1069000 14239
1070000 14168
1071000 14092
1072000 14108
1073000 14071
1074000 14020
1075000 14030
1076000 13964
1077000 13949
1078000 13947
1079000 13881
1080000 13833
1081000 13842
1082000 13775
1083000 13728
1084000 13734
1085000 13692
1086000 13671
1087000 13686
1088000 13715
1089000 13720
1090000 13714
1091000 13675
1092000 13599
1093000 13631
1094000 13645
1095000 13682
1096000 13687
1097000 13638
1098000 13680
1099000 13664
1100000 13633
1101000 13663
1102000 13643
1103000 13646
1104000 13603
1105000 13558
1106000 13501
1107000 13503
1108000 13512
1109000 13504
1110000 13487
1111000 13425
1112000 13389
1113000 13364
1114000 13368
1115000 13328
1116000 13304
1117000 13257
1118000 13245
1119000 13259
1120000 13195
1121000 13200
1122000 13182
1123000 13153
1124000 13114
1125000 13080
1126000 13048
1127000 13031
1128000 13007
1129000 13012
1130000 12944
1131000 12975
1132000 12981
1133000 12945
1134000 12909
1135000 12919
1136000 12932
1137000 12922
1138000 12919
1139000 12844
1140000 12833
1141000 12827
1142000 12764
1143000 12829
1144000 12886
1145000 12837
1146000 12905
1147000 12879
1148000 12860
1149000 12798
1150000 12806
1151000 12769
1152000 12730
1153000 12649
1154000 12667
1155000 12713
1156000 12592
1157000 12556
1158000 12529
1159000 12614
1160000 12664
1161000 12621
1162000 12604
1163000 12682
1164000 12697
1165000 12764
1166000 12823
1167000 12771
1168000 12719
1169000 12688
1170000 12618
1171000 12594
1172000 12568
1173000 12540
1174000 12558
1175000 12496
1176000 12476
1177000 12405
1178000 12413
1179000 12314
1180000 12360
1181000 12387
1182000 12362
1183000 12346
1184000 12357
1185000 12312
1186000 12306
1187000 12334
1188000 12337
1189000 12263
1190000 12213
1191000 12179
1192000 12147
1193000 12090
1194000 12041
1195000 11983
1196000 12002
1197000 11956
1198000 11932
1199000 11884
1200000 11866
1201000 11807
1202000 11825
1203000 11812
1204000 11803
1205000 11795
1206000 11816
1207000 11740
1208000 11731
1209000 11718
1210000 11716
1211000 11683
1212000 11668
1213000 11683
1214000 11675
1215000 11659
1216000 11693
1217000 11661
1218000 11679
1219000 11649
1220000 11728
1221000 11689
1222000 11564
1223000 11540
1224000 11494
1225000 11430
1226000 11457
1227000 11454
1228000 11475
1229000 11447
1230000 11448
1231000 11374
1232000 11315
1233000 11398
1234000 11387
1235000 11403
1236000 11464
1237000 11396
1238000 11337
1239000 11333
1240000 11335
1241000 11326
1242000 11289
1243000 11255
1244000 11220
1245000 11201
1246000 11152
1247000 11162
1248000 11098
1249000 11145
1250000 11108
1251000 11079
1252000 11143
1253000 11146
1254000 11164
1255000 11210
1256000 11211
1257000 11207
1258000 11232
1259000 11202
1260000 11175
1261000 11143
1262000 11094
1263000 11049
1264000 11023
1265000 11061
1266000 11042
1267000 11070
1268000 11108
1269000 11083
1270000 11034
1271000 10999
1272000 10940
1273000 10922
1274000 10880
1275000 10847
1276000 10856
1277000 10865
1278000 10824
1279000 10820
1280000 10843
1281000 10845
1282000 10837
1283000 10836
1284000 10749
1285000 10742
1286000 10773
1287000 10771
1288000 10811
1289000 10796
1290000 10864
1291000 10799
1292000 10868
1293000 10850
1294000 10863
1295000 10857
1296000 10808
1297000 10773
1298000 10736
1299000 10729
1300000 10691
1301000 10723
1302000 10718
1303000 10732
1304000 10688
1305000 10633
1306000 10601
1307000 10612
1308000 10640
1309000 10650
1310000 10670
1311000 10646
1312000 10642
1313000 10678
1314000 10717
1315000 10655
1316000 10629
1317000 10591
1318000 10583
1319000 10523
1320000 10523
1321000 10466
1322000 10400
1323000 10386
1324000 10337
1325000 10339
1326000 10291
1327000 10283
1328000 10232
1329000 10224
1330000 10173
1331000 10161
1332000 10168
1333000 10169
1334000 10201
1335000 10175
1336000 10187
1337000 10185
1338000 10239
1339000 10213
1340000 10234
1341000 10197
1342000 10231
1343000 10234
1344000 10206
1345000 10133
1346000 10144
1347000 10120
1348000 10114
1349000 10118
1350000 10119
1351000 10090
1352000 10090
1353000 10064
1354000 10113
1355000 10007
1356000 10031
1357000 10050
1358000 9968
1359000 9924
1360000 9787
1361000 9785
1362000 9858
1363000 9879
1364000 9906
1365000 9929
1366000 9972
1367000 9951
1368000 9847
1369000 9783
1370000 9691
1371000 9716
1372000 9735
1373000 9638
1374000 9621
1375000 9621
1376000 9659
1377000 9701
1378000 9693
1379000 9658
1380000 9668
1381000 9714
1382000 9653
1383000 9661
1384000 9680
1385000 9685
1386000 9699
1387000 9671
1388000 9633
1389000 9656
1390000 9633
1391000 9590
1392000 9497
1393000 9454
1394000 9434
1395000 9374
1396000 9278
1397000 9238
1398000 9124
1399000 9182
1400000 9198
1401000 9138
1402000 9112
1403000 9083
1404000 9095
1405000 9036
1406000 8962
1407000 8849
1408000 8873
1409000 8789
1410000 8736
1411000 8694
1412000 8605
1413000 8546
1414000 8494
1415000 8523
1416000 8499
1417000 8478
1418000 8470
1419000 8474
1420000 8390
1421000 8347
1422000 8367
1423000 8326
1424000 8345
1425000 8311
1426000 8246
1427000 8205
1428000 8148
1429000 8125
1430000 8199
1431000 8195
1432000 8241
1433000 8242
1434000 8304
1435000 8251
1436000 8263
1437000 8328
1438000 8301
1439000 8310
1440000 8303
1441000 8243
1442000 8247
1443000 8307
1444000 8398
1445000 8384
1446000 8411
1447000 8442
1448000 8411
1449000 8470
1450000 8392
1451000 8359
1452000 8414
1453000 8472
1454000 8526
1455000 8461
1456000 8394
1457000 8352
1458000 8354
1459000 8280
1460000 8285
1461000 8257
1462000 8166
1463000 8142
1464000 8187
1465000 8240
1466000 8195
1467000 8174
1468000 8200
1469000 8168
1470000 8149
1471000 8095
1472000 8106
1473000 8123
1474000 8087
1475000 8132
1476000 8128
1477000 8168
1478000 8185
1479000 8111
1480000 8074
1481000 8103
1482000 8113
1483000 8118
1484000 8029
1485000 8060
1486000 8047
1487000 8081
1488000 8083
1489000 8073
1490000 8075
1491000 8090
1492000 8088
1493000 8072
1494000 7985
1495000 7980
1496000 7948
1497000 7928
1498000 7919
1499000 7899
1500000 7868
1501000 7843
1502000 7830
1503000 7803
1504000 7763
1505000 7761
1506000 7742
1507000 7759
1508000 7763
1509000 7768
1510000 7786
1511000 7830
1512000 7832
1513000 7843
1514000 7798
1515000 7756
1516000 7769
1517000 7765
1518000 7767
1519000 7787
1520000 7795
1521000 7733
1522000 7722
1523000 7730
1524000 7714
1525000 7760
1526000 7752
1527000 7668
1528000 7694
1529000 7763
1530000 7825
1531000 7805
1532000 7768
1533000 7739
1534000 7781
1535000 7805
1536000 7781
1537000 7709
1538000 7719
1539000 7776
1540000 7800
1541000 7693
1542000 7697
1543000 7700
1544000 7657
1545000 7646
1546000 7675
1547000 7674
1548000 7681
1549000 7707
1550000 7705
1551000 7718
1552000 7668
1553000 7654
1554000 7619
1555000 7613
1556000 7599
1557000 7609
1558000 7617
1559000 7641
1560000 7610
1561000 7575
1562000 7558
1563000 7574
1564000 7640
1565000 7627
1566000 7619
1567000 7699
1568000 7655
1569000 7690
1570000 7663
1571000 7616
1572000 7606
1573000 7573
1574000 7590
1575000 7517
1576000 7587
1577000 7577
1578000 7563
1579000 7579
1580000 7565
1581000 7577
1582000 7523
1583000 7535
1584000 7580
1585000 7565
1586000 7538
1587000 7470
1588000 7387
1589000 7339
1590000 7413
1591000 7417
1592000 7454
1593000 7527
1594000 7627
1595000 7637
1596000 7560
1597000 7588
1598000 7556
1599000 7490
1600000 7460
1601000 7417
1602000 7369
1603000 7385
1604000 7447
1605000 7378
1606000 7371
1607000 7325
1608000 7311
1609000 7339
1610000 7354
1611000 7367
1612000 7281
1613000 7332
1614000 7342
1615000 7321
1616000 7303
1617000 7255
1618000 7311
1619000 7348
1620000 7332
1621000 7328
1622000 7272
1623000 7209
1624000 7189
1625000 7241
1626000 7251
1627000 7247
1628000 7238
1629000 7283
1630000 7289
1631000 7300
1632000 7320
1633000 7259
1634000 7254
1635000 7246
1636000 7189
1637000 7190
1638000 7189
1639000 7252
1640000 7262
1641000 7317
1642000 7316
1643000 7300
1644000 7309
1645000 7219
1646000 7205
1647000 7193
1648000 7158
1649000 7123
1650000 7161
1651000 7113
1652000 7148
1653000 7149
1654000 7080
1655000 7166
1656000 7152
1657000 7130
1658000 7109
1659000 7083
1660000 7065
1661000 7060
1662000 7076
1663000 7046
1664000 7140
1665000 7160
1666000 7147
1667000 7195
1668000 7146
1669000 7087
1670000 7046
1671000 7011
1672000 7024
1673000 7000
1674000 6968
1675000 6933
1676000 6928
1677000 6927
1678000 6911
1679000 6857
1680000 6847
1681000 6830
1682000 6785
1683000 6804
1684000 6804
1685000 6775
1686000 6714
1687000 6713
1688000 6713
1689000 6743
1690000 6752
1691000 6669
1692000 6651
1693000 6635
1694000 6660
1695000 6659
1696000 6604
1697000 6573
1698000 6604
1699000 6579
1700000 6572
1701000 6579
1702000 6564
1703000 6602
1704000 6546
1705000 6592
1706000 6614
1707000 6605
1708000 6597
1709000 6605
1710000 6588
1711000 6585
1712000 6599
1713000 6514
1714000 6500
1715000 6511
1716000 6476
1717000 6515
1718000 6518
1719000 6462
1720000 6421
1721000 6416
1722000 6447
1723000 6454
1724000 6472
1725000 6413
1726000 6314
1727000 6301
1728000 6316
1729000 6386
1730000 6445
1731000 6469
1732000 6506
1733000 6450
1734000 6423
1735000 6468
1736000 6389
1737000 6366
1738000 6370
1739000 6360
1740000 6379
1741000 6408
1742000 6411
1743000 6404
1744000 6403
1745000 6358
1746000 6296
1747000 6277
1748000 6272
1749000 6274
1750000 6278
1751000 6291
1752000 6301
1753000 6287
1754000 6298
1755000 6278
1756000 6359
1757000 6350
1758000 6372
1759000 6352
1760000 6390
1761000 6379
1762000 6328
1763000 6284
1764000 6259
1765000 6262
1766000 6279
1767000 6247
1768000 6217
1769000 6191
1770000 6185
1771000 6142
1772000 6221
1773000 6172
1774000 6207
1775000 6221
1776000 6193
1777000 6133
1778000 6086
1779000 6062
1780000 6058
1781000 6051
1782000 6125
1783000 6144
1784000 6148
1785000 6113
1786000 6079
1787000 6122
1788000 6158
1789000 6126
1790000 6132
1791000 6107
1792000 6147
1793000 6074
1794000 6070
1795000 6051
1796000 6016
1797000 6007
1798000 6033
1799000 5991
1800000 6010
1801000 5990
1802000 5959
1803000 5970
1804000 5935
1805000 5890
1806000 5878
1807000 5886
1808000 5847
1809000 5857
1810000 5944
1811000 5842
1812000 5813
1813000 5784
1814000 5743
1815000 5747
1816000 5688
1817000 5672
1818000 5643
1819000 5668
1820000 5676
1821000 5701
1822000 5718
1823000 5733
1824000 5710
1825000 5741
1826000 5724
1827000 5695
1828000 5703
1829000 5679
1830000 5646
1831000 5641
1832000 5598
1833000 5613
1834000 5602
1835000 5567
1836000 5556
1837000 5580
1838000 5616
1839000 5618
1840000 5597
1841000 5561
1842000 5558
1843000 5496
1844000 5403
1845000 5300
1846000 5360
1847000 5361
1848000 5348
1849000 5364
1850000 5361
1851000 5414
1852000 5434
1853000 5415
1854000 5354
1855000 5370
1856000 5357
1857000 5391
1858000 5425
1859000 5402
1860000 5410
1861000 5360
1862000 5364
1863000 5353
1864000 5313
1865000 5303
1866000 5277
1867000 5269
1868000 5240
1869000 5226
1870000 5257
1871000 5217
1872000 5183
1873000 5167
1874000 5228
1875000 5207
1876000 5249
1877000 5200
1878000 5134
1879000 5123
1880000 5167
1881000 5140
1882000 5189
1883000 5137
1884000 5148
1885000 5134
1886000 5101
1887000 5087
1888000 5083
1889000 5097
1890000 5100
1891000 5059
1892000 5083
1893000 5095
1894000 5097
1895000 5086
1896000 5031
1897000 5039
1898000 5012
1899000 5024
1900000 5024
1901000 4998
1902000 5013
1903000 4967
1904000 4964
1905000 4960
1906000 5031
1907000 5070
1908000 5046
1909000 5045
1910000 5075
1911000 5125
1912000 5104
1913000 5038
1914000 5079
1915000 5022
1916000 5031
1917000 4988
1918000 4973
1919000 4926
1920000 4819
1921000 4802
1922000 4767
1923000 4760
1924000 4770
1925000 4857
1926000 4818
1927000 4794
1928000 4735
1929000 4798
1930000 4789
1931000 4806
1932000 4783
1933000 4848
1934000 4782
1935000 4711
1936000 4722
1937000 4662
1938000 4626
1939000 4539
1940000 4498
1941000 4427
1942000 4397
1943000 4357
1944000 4364
1945000 4346
1946000 4352
1947000 4332
1948000 4324
1949000 4280
1950000 4159
1951000 4104
1952000 4006
1953000 3949
1954000 3917
1955000 3813
1956000 3760
1957000 3737
1958000 3675
1959000 3579
1960000 3555
1961000 3528
1962000 3566
1963000 3566
1964000 3571
1965000 3547
1966000 3521
1967000 3491
1968000 3457
1969000 3387
1970000 3434
1971000 3434
1972000 3366
1973000 3301
1974000 3265
1975000 3306
1976000 3326
1977000 3274
1978000 3250
1979000 3271
1980000 3245
1981000 3195
1982000 3147
1983000 3120
1984000 3158
1985000 3137
1986000 3077
1987000 3083
1988000 3081
1989000 3102
1990000 3016
1991000 2920
1992000 2876
1993000 2804
1994000 2796
1995000 2831
1996000 2804
1997000 2799
1998000 2716
1999000 2622
2000000 2644
2001000 2677
2002000 2649
2003000 2555
2004000 2476
2005000 2491
2006000 2582
2007000 2610
2008000 2620
2009000 2515
2010000 2492
2011000 2447
2012000 2321
2013000 2391
2014000 2411
2015000 2444
2016000 2407
2017000 2366
2018000 2363
2019000 2406
2020000 2343
2021000 2261
2022000 2270
2023000 2189
2024000 2115
2025000 1990
2026000 1975
2027000 1964
2028000 1966
2029000 1891
2030000 1910
2031000 1881
2032000 1870
2033000 1862
2034000 1873
2035000 1862
2036000 1770
2037000 1761
2038000 1760
2039000 1727
2040000 1654
2041000 1620
2042000 1561
2043000 1567
2044000 1547
2045000 1540
2046000 1543
2047000 1482
2048000 1401
2049000 1417
2050000 1346
2051000 1300
2052000 1239
2053000 1183
2054000 1176
2055000 1160
2056000 1062
2057000 1040
2058000 1007
2059000 1011
2060000 925
2061000 845
2062000 829
2063000 766
2064000 694
2065000 555
2066000 310
